0.000	0	0
3.239	0	0
8.543	0.1	0
13.437	0.1	0
18.019	0.1	0
22.307	0.1	0
26.410	0.2	0
30.277	0.2	0
33.978	0.2	0
37.496	0.2	0
40.874	0.3	0
44.091	0.3	0
47.193	0.3	0
50.162	0.3	0
53.020	0.4	0
55.781	0.4	0
58.437	0.4	0
61.000	0.4	0
63.481	0.4	0
65.884	0.5	0
68.212	0.5	0
70.463	0.5	0
72.648	0.5	0
74.772	0.6	0
76.836	0.6	0
78.844	0.6	0
80.798	0.6	0
82.701	0.6	0
84.556	0.7	0
86.364	0.7	0
88.128	0.7	0
89.850	0.7	0
91.531	0.7	0
93.174	0.8	0
94.781	0.8	0
96.352	0.8	0
97.889	0.8	0
99.395	0.8	0
100.870	0.9	0
102.315	0.9	0
103.731	0.9	0
105.118	0.9	0
106.479	0.9	0
107.814	0.9	0
109.125	1	0
110.413	1	0
111.677	1	0
112.918	1	0
114.138	1	0
115.338	1.1	0
116.517	1.1	0
117.676	1.1	0
118.816	1.1	0
119.940	1.1	0
121.044	1.1	0
122.130	1.2	0
123.202	1.2	0
124.256	1.2	0
125.294	1.2	0
126.318	1.2	0
127.326	1.2	0
128.319	1.3	0
129.300	1.3	0
130.265	1.3	0
131.218	1.3	0
132.158	1.3	0
133.084	1.3	0
134.000	1.4	0
134.901	1.4	0
135.792	1.4	0
136.672	1.4	0
137.540	1.4	0
138.398	1.4	0
139.243	1.4	0
140.080	1.5	0
140.906	1.5	0
141.722	1.5	0
142.528	1.5	0
143.325	1.5	0
144.112	1.5	0
144.891	1.6	0
145.661	1.6	0
146.422	1.6	0
147.174	1.6	0
147.918	1.6	0
148.654	1.6	0
149.382	1.6	0
150.102	1.7	0
150.815	1.7	0
151.519	1.7	0
152.217	1.7	0
152.907	1.7	0
153.590	1.7	0
154.267	1.7	0
154.936	1.8	0
155.599	1.8	0
156.255	1.8	0
156.905	1.8	0
157.548	1.8	0
158.185	1.8	0
158.817	1.8	0
159.441	1.9	0
160.061	1.9	0
160.674	1.9	0
161.281	1.9	0
161.884	1.9	0
162.480	1.9	0
163.071	1.9	0
163.658	2	0
164.238	2	0
164.813	2	0
165.384	2	0
165.949	2	0
166.510	2	0
167.066	2	0
167.617	2	0
168.163	2.1	0
168.705	2.1	0
169.242	2.1	0
169.775	2.1	0
170.303	2.1	0
170.827	2.1	0
171.347	2.1	0
171.863	2.1	0
172.374	2.2	0
172.881	2.2	0
173.384	2.2	0
173.884	2.2	0
174.379	2.2	0
174.871	2.2	0
175.359	2.2	0
175.843	2.2	0
176.323	2.3	0
176.800	2.3	0
177.273	2.3	0
177.743	2.3	0
178.208	2.3	0
178.671	2.3	0
179.130	2.3	0
179.586	2.3	0
180.039	2.4	0
180.488	2.4	0
180.934	2.4	0
181.377	2.4	0
181.816	2.4	0
182.253	2.4	0
182.686	2.4	0
183.117	2.4	0
183.545	2.5	0
183.969	2.5	0
184.390	2.5	0
184.809	2.5	0
185.225	2.5	0
185.638	2.5	0
186.048	2.5	0
186.455	2.5	0
186.860	2.5	0
187.262	2.6	0
187.662	2.6	0
188.058	2.6	0
188.452	2.6	0
188.844	2.6	0
189.233	2.6	0
189.619	2.6	0
190.003	2.6	0
190.385	2.7	0
190.764	2.7	0
191.140	2.7	0
191.515	2.7	0
191.887	2.7	0
192.257	2.7	0
192.624	2.7	0
192.989	2.7	0
193.351	2.7	0
193.712	2.8	0
194.070	2.8	0
194.426	2.8	0
194.781	2.8	0
195.132	2.8	0
195.482	2.8	0
195.829	2.8	0
196.175	2.8	0
196.518	2.8	0
196.860	2.9	0
197.199	2.9	0
197.537	2.9	0
197.872	2.9	0
198.205	2.9	0
198.537	2.9	0
198.866	2.9	0
199.194	2.9	0
199.519	2.9	0
199.843	3	0
200.165	3	0
200.486	3	0
200.804	3	0
201.121	3	0
201.435	3	0
201.748	3	0
202.059	3	0
202.369	3	0
202.677	3.1	0
202.983	3.1	0
203.287	3.1	0
203.590	3.1	0
203.891	3.1	0
204.190	3.1	0
204.488	3.1	0
204.784	3.1	0
205.078	3.1	0
205.371	3.2	0
205.663	3.2	0
205.952	3.2	0
206.240	3.2	0
206.527	3.2	0
206.812	3.2	0
207.096	3.2	0
207.378	3.2	0
207.658	3.2	0
207.937	3.2	0
208.215	3.3	0
208.491	3.3	0
208.766	3.3	0
209.039	3.3	0
209.311	3.3	0
209.582	3.3	0
209.851	3.3	0
210.118	3.3	0
210.385	3.3	0
210.650	3.3	0
210.913	3.4	0
211.175	3.4	0
211.436	3.4	0
211.696	3.4	0
211.954	3.4	0
212.211	3.4	0
212.466	3.4	0
212.721	3.4	0
212.974	3.4	0
213.225	3.5	0
213.476	3.5	0
213.725	3.5	0
213.973	3.5	0
214.220	3.5	0
214.465	3.5	0
214.710	3.5	0
214.953	3.5	0
215.195	3.5	0
215.435	3.5	0
215.675	3.6	0
215.913	3.6	0
216.150	3.6	0
216.386	3.6	0
216.621	3.6	0
216.855	3.6	0
217.088	3.6	0
217.319	3.6	0
217.549	3.6	0
217.779	3.6	0
218.007	3.6	0
218.234	3.7	0
218.460	3.7	0
218.684	3.7	0
218.908	3.7	0
219.131	3.7	0
219.352	3.7	0
219.573	3.7	0
219.792	3.7	0
220.011	3.7	0
220.228	3.7	0
220.444	3.8	0
220.660	3.8	0
220.874	3.8	0
221.087	3.8	0
221.300	3.8	0
221.511	3.8	0
221.721	3.8	0
221.931	3.8	0
222.139	3.8	0
222.346	3.8	0
222.553	3.9	0
222.758	3.9	0
222.963	3.9	0
223.166	3.9	0
223.369	3.9	0
223.570	3.9	0
223.771	3.9	0
223.971	3.9	0
224.170	3.9	0
224.367	3.9	0
224.564	3.9	0
224.760	4	0
224.956	4	0
225.150	4	0
225.343	4	0
225.536	4	0
225.727	4	0
225.918	4	0
226.108	4	0
226.297	4	0
226.485	4	0
226.672	4	0
226.859	4.1	0
227.044	4.1	0
227.229	4.1	0
227.413	4.1	0
227.596	4.1	0
227.778	4.1	0
227.959	4.1	0
228.140	4.1	0
228.319	4.1	0
228.498	4.1	0
228.676	4.1	0
228.853	4.2	0
229.030	4.2	0
229.205	4.2	0
229.380	4.2	0
229.554	4.2	0
229.727	4.2	0
229.900	4.2	0
230.072	4.2	0
230.243	4.2	0
230.413	4.2	0
230.582	4.2	0
230.751	4.3	0
230.918	4.3	0
231.086	4.3	0
231.252	4.3	0
231.417	4.3	0
231.582	4.3	0
231.746	4.3	0
231.910	4.3	0
232.072	4.3	0
232.234	4.3	0
232.395	4.3	0
232.556	4.4	0
232.715	4.4	0
232.874	4.4	0
233.033	4.4	0
233.190	4.4	0
233.347	4.4	0
233.503	4.4	0
233.659	4.4	0
233.813	4.4	0
233.967	4.4	0
234.120	4.4	0
234.273	4.5	0
234.425	4.5	0
234.576	4.5	0
234.727	4.5	0
234.877	4.5	0
235.026	4.5	0
235.175	4.5	0
235.322	4.5	0
235.470	4.5	0
235.616	4.5	0
235.762	4.5	0
235.907	4.5	0
236.052	4.6	0
236.196	4.6	0
236.339	4.6	0
236.482	4.6	0
236.624	4.6	0
236.765	4.6	0
236.906	4.6	0
237.046	4.6	0
237.185	4.6	0
237.324	4.6	0
237.462	4.6	0
237.600	4.7	0
237.737	4.7	0
237.873	4.7	0
238.008	4.7	0
238.143	4.7	0
238.278	4.7	0
238.412	4.7	0
238.545	4.7	0
238.678	4.7	0
238.810	4.7	0
238.941	4.7	0
239.072	4.7	0
239.202	4.8	0
239.331	4.8	0
239.461	4.8	0
239.589	4.8	0
239.717	4.8	0
239.844	4.8	0
239.971	4.8	0
240.097	4.8	0
240.222	4.8	0
240.347	4.8	0
240.471	4.8	0
240.595	4.8	0
240.718	4.9	0
240.841	4.9	0
240.963	4.9	0
241.085	4.9	0
241.205	4.9	0
241.326	4.9	0
241.446	4.9	0
241.565	4.9	0
241.684	4.9	0
241.802	4.9	0
241.919	4.9	0
242.036	4.9	0
242.153	5	0
242.269	5	0
242.384	5	0
242.499	5	0
242.613	5	0
242.727	5	0
242.840	5	0
242.953	5	0
243.065	5	0
243.177	5	0
243.288	5	0
243.399	5	0
243.509	5.1	0
243.618	5.1	0
243.727	5.1	0
243.836	5.1	0
243.944	5.1	0
244.051	5.1	0
244.158	5.1	0
244.265	5.1	0
244.370	5.1	0
244.476	5.1	0
244.581	5.1	0
244.685	5.1	0
244.789	5.1	0
244.892	5.2	0
244.995	5.2	0
245.098	5.2	0
245.200	5.2	0
245.301	5.2	0
245.402	5.2	0
245.502	5.2	0
245.602	5.2	0
245.702	5.2	0
245.801	5.2	0
245.899	5.2	0
245.997	5.2	0
246.094	5.3	0
246.191	5.3	0
246.288	5.3	0
246.384	5.3	0
246.479	5.3	0
246.574	5.3	0
246.669	5.3	0
246.763	5.3	0
246.857	5.3	0
246.950	5.3	0
247.042	5.3	0
247.135	5.3	0
247.226	5.3	0
247.318	5.4	0
247.408	5.4	0
247.499	5.4	0
247.589	5.4	0
247.678	5.4	0
247.767	5.4	0
247.856	5.4	0
247.944	5.4	0
248.031	5.4	0
248.118	5.4	0
248.205	5.4	0
248.291	5.4	0
248.377	5.5	0
248.462	5.5	0
248.547	5.5	0
248.632	5.5	0
248.716	5.5	0
248.799	5.5	0
248.882	5.5	0
248.965	5.5	0
249.047	5.5	0
249.129	5.5	0
249.210	5.5	0
249.291	5.5	0
249.371	5.5	0
249.452	5.6	0
249.531	5.6	0
249.610	5.6	0
249.689	5.6	0
249.767	5.6	0
249.845	5.6	0
249.923	5.6	0
249.999	5.6	0
250.076	5.6	0
250.152	5.6	0
250.228	5.6	0
250.303	5.6	0
250.378	5.6	0
250.452	5.7	0
250.527	5.7	0
250.600	5.7	0
250.673	5.7	0
250.746	5.7	0
250.818	5.7	0
250.890	5.7	0
250.962	5.7	0
251.033	5.7	0
251.104	5.7	0
251.174	5.7	0
251.244	5.7	0
251.313	5.7	0
251.382	5.8	0
251.451	5.8	0
251.519	5.8	0
251.587	5.8	0
251.654	5.8	0
251.721	5.8	0
251.788	5.8	0
251.854	5.8	0
251.920	5.8	0
251.985	5.8	0
252.050	5.8	0
252.115	5.8	0
252.179	5.8	0
252.243	5.8	0
252.306	5.9	0
252.369	5.9	0
252.432	5.9	0
252.494	5.9	0
252.556	5.9	0
252.618	5.9	0
252.679	5.9	0
252.739	5.9	0
252.800	5.9	0
252.860	5.9	0
252.919	5.9	0
252.978	5.9	0
253.037	5.9	0
253.095	6	0
253.153	6	0
253.211	6	0
253.268	6	0
253.325	6	0
253.381	6	0
253.437	6	0
253.493	6	0
253.548	6	0
253.603	6	0
253.658	6	0
253.712	6	0
253.766	6	0
253.819	6.1	0
253.872	6.1	0
253.925	6.1	0
253.977	6.1	0
254.029	6.1	0
254.081	6.1	0
254.132	6.1	0
254.183	6.1	0
254.233	6.1	0
254.284	6.1	0
254.333	6.1	0
254.383	6.1	0
254.432	6.1	0
254.480	6.1	0
254.529	6.2	0
254.576	6.2	0
254.624	6.2	0
254.671	6.2	0
254.718	6.2	0
254.764	6.2	0
254.811	6.2	0
254.856	6.2	0
254.902	6.2	0
254.947	6.2	0
254.991	6.2	0
255.036	6.2	0
255.080	6.2	0
255.123	6.2	0
255.167	6.3	0
255.209	6.3	0
255.252	6.3	0
255.294	6.3	0
255.336	6.3	0
255.378	6.3	0
255.419	6.3	0
255.459	6.3	0
255.500	6.3	0
255.540	6.3	0
255.580	6.3	0
255.619	6.3	0
255.658	6.3	0
255.697	6.3	0
255.735	6.4	0
255.773	6.4	0
255.811	6.4	0
255.848	6.4	0
255.885	6.4	0
255.922	6.4	0
255.958	6.4	0
255.994	6.4	0
256.030	6.4	0
256.065	6.4	0
256.100	6.4	0
256.135	6.4	0
256.169	6.4	0
256.203	6.4	0
256.236	6.5	0
256.270	6.5	0
256.303	6.5	0
256.335	6.5	0
256.367	6.5	0
256.399	6.5	0
256.431	6.5	0
256.462	6.5	0
256.493	6.5	0
256.524	6.5	0
256.554	6.5	0
256.584	6.5	0
256.614	6.5	0
256.643	6.5	0
256.672	6.6	0
256.700	6.6	0
256.729	6.6	0
256.757	6.6	0
256.784	6.6	0
256.811	6.6	0
256.838	6.6	0
256.865	6.6	0
256.891	6.6	0
256.917	6.6	0
256.943	6.6	0
256.968	6.6	0
256.993	6.6	0
257.018	6.6	0
257.043	6.7	0
257.067	6.7	0
257.090	6.7	0
257.114	6.7	0
257.137	6.7	0
257.160	6.7	0
257.182	6.7	0
257.204	6.7	0
257.226	6.7	0
257.248	6.7	0
257.269	6.7	0
257.290	6.7	0
257.310	6.7	0
257.330	6.7	0
257.350	6.7	0
257.370	6.8	0
257.389	6.8	0
257.408	6.8	0
257.427	6.8	0
257.445	6.8	0
257.463	6.8	0
257.481	6.8	0
257.498	6.8	0
257.516	6.8	0
257.532	6.8	0
257.549	6.8	0
257.565	6.8	0
257.581	6.8	0
257.596	6.8	0
257.612	6.9	0
257.627	6.9	0
257.641	6.9	0
257.656	6.9	0
257.670	6.9	0
257.683	6.9	0
257.697	6.9	0
257.710	6.9	0
257.723	6.9	0
257.735	6.9	0
257.747	6.9	0
257.759	6.9	0
257.771	6.9	0
257.782	6.9	0
257.793	6.9	0
257.804	7	0
257.814	7	0
257.824	7	0
257.834	7	0
257.843	7	0
257.853	7	0
257.861	7	0
257.870	7	0
257.878	7	0
257.886	7	0
257.894	7	0
257.901	7	0
257.908	7	0
257.915	7	0
257.922	7.1	0
257.928	7.1	0
257.934	7.1	0
257.939	7.1	0
257.945	7.1	0
257.950	7.1	0
257.954	7.1	0
257.959	7.1	0
257.963	7.1	0
257.967	7.1	0
257.970	7.1	0
257.973	7.1	0
257.976	7.1	0
257.979	7.1	0
257.981	7.1	0
257.984	7.2	0
257.985	7.2	0
257.987	7.2	0
257.988	7.2	0
257.989	7.2	0
257.990	7.2	0
257.990	7.2	0
